24 4226
252 437
195 904
371 250
227 733
234 503
159 6014
33 7565
68 5964
25 5345
226 972
194 369
158 300
32 4111
235 1583
69 5115
26 12304
269 470
197 844
225 305
319 188
31 4179
268 457
27 4636
224 287
196 3298
329 204
318 324
365 185
251 616
237 649
249 699
223 1576
191 2372
5 1944
37 3697
20 2362
230 492
222 364
248 236
190 566
257 283
231 662
21 7639
22 14799
193 925
148 294
254 478
35 482
232 647
220 1023
23 257
192 2468
361 232
149 1834
255 1486
233 353
120 743
300 795
99 2001
313 540
133 409
289 252
10 1319
132 2215
312 311
98 1684
121 1123
288 319
114 369
13 285
122 2185
108 4245
131 2819
117 191
123 3199
12 2414
116 1917
303 1010
336 212
130 1511
109 4771
310 570
124 2633
15 14174
331 403
111 1484
137 1649
168 1216
169 1795
110 185
29 641
136 835
135 1506
17 754
333 353
179 369
126 406
113 200
298 341
16 3746
178 957
134 4036
127 2396
299 554
112 1544
91 547
201 1437
128 3433
281 323
19 7437
380 193
177 299
102 1685
164 916
216 547
381 212
165 312
18 8440
217 377
129 1889
176 2000
392 199
297 952
103 598
90 6320
203 513
283 247
88 455
214 841
100 2019
139 3838
93 3446
166 2098
282 217
92 5018
174 914
215 654
89 884
101 5683
167 739
138 10782
202 1029
119 663
205 228
173 1392
106 6604
212 1098
59 1264
292 692
160 233
95 2351
285 393
161 1041
204 987
58 4561
284 791
293 1372
107 1715
94 9855
118 1570
172 1075
171 283
207 439
290 1011
162 1147
104 3201
287 283
97 2966
211 1191
105 1913
163 1834
96 3468
170 1603
77 13965
209 234
55 4011
1 316
82 8356
182 616
76 2495
83 2264
208 602
183 714
54 6365
75 10300
80 3927
56 1724
181 472
81 8436
51 12443
186 299
86 883
87 464
50 518
72 3682
187 1973
184 1290
48 5074
218 365
71 420
53 8448
84 6419
6 909
49 4843
70 705
219 1498
52 629
185 586
85 1445
151 2541
46 8535
60 9206
357 329
263 425
245 805
150 289
147 1666
47 2245
61 6133
356 368
244 766
144 1452
272 1506
3 1723
62 712
39 13814
346 392
247 391
44 538
153 1285
320 356
145 2798
273 976
259 174
45 3582
260 500
189 740
152 490
63 3776
199 912
64 2250
42 9769
238 334
142 2803
267 221
274 392
155 326
198 1677
65 2486
143 718
43 11323
239 884
154 2725
341 212
327 212
66 4430
140 3606
351 186
265 493
40 1445
157 534
229 701
243 414
79 4331
141 3737
369 196
242 552
41 271
228 965
156 358
67 4506
78 2947
320|267 357710
72|381 4389410
224|361 351910
58|381 4477310
313|320 389610
193|381 4113710
233|361 358510
216|320 390310
190|329 377010
179|361 360110
118|329 4177410
197|381 4105610
356|320 372410
71|329 362410
199|329 4111610
55|361 4424310
381|113 341210
174|361 4114610
150|361 352110
66|361 4466210
320|371 360610
135|381 4171810
320|365 354110
181|320 382810
248|361 346810
187|381 4218510
147|320 4202210
260|381 371210
208|320 395810
161|155 4136710
320|257 363910
104|320 4355710
48|155 4540010
29|381 385310
257|329 348710
176|329 4220410
111|320 4184010
172|329 4127910
53|329 4865210
126|361 363810
64|329 4245410
153|155 4161110
284|381 4100310
147|361 4189810
318|381 353610
20|381 4257410
1|361 354810
192|381 4268010
222|155 369010
155|160 355910
155|13 361110
194|381 358110
176|320 4235610
320|155 368210
174|155 4124010
310|329 377410
361|113 343210
329|392 340310
171|329 348710
84|329 4662310
47|361 4247710
361|351 341810
155|150 361510
361|319 342010
145|155 4312410
189|381 395210
233|155 367910
285|155 371910
165|381 352410
155|287 360910
198|320 4203310
269|361 370210
320|281 367910
21|329 4784310
207|329 364310
238|329 353810
182|361 384810
225|329 350910
336|381 342410
107|381 4192710
152|381 370210
198|155 4200310
252|361 366910
251|320 397210
50|320 387410
265|361 372510
298|361 357310
218|381 357710
313|361 377210
290|155 4133710
103|329 380210
290|329 4121510
49|329 4504710
65|155 4281210
356|361 360010
99|155 4232710
61|155 4645910
217|381 358910
143|320 4107410
71|381 363210
87|320 382010
303|320 4136610
193|329 4112910
331|329 360710
178|361 4118910
162|329 4135110
107|320 4207110
267|329 342510
118|381 4178210
129|381 4210110
83|361 4249610
381|365 339710
102|320 4204110
199|381 4112410
244|361 399810
371|381 346210
313|381 375210
237|320 4100510
62|320 4106810
88|155 378110
223|320 4193210
86|320 4123910
130|155 4183710
320|177 365510
148|329 349810
320|186 365510
111|329 4168810
134|361 4426810
203|329 371710
289|361 348410
219|329 4170210
274|329 359610
202|361 4126110
208|361 383410
229|361 393310
172|381 4128710
333|155 367910
195|329 4110810
272|155 4183210
254|320 383410
268|381 366910
320|380 354910
118|155 4189610
120|381 395510
35|155 380810
176|381 4221210
199|155 4123810
249|320 4105510
119|155 398910
179|320 372510
155|165 363810
239|320 4124010
155|392 352510
254|329 368210
137|329 4185310
283|329 345110
52|329 383310
127|361 4262810
155|329 353010
119|361 389510
183|361 394610
272|361 4173810
243|361 364610
231|155 398810
230|155 381810
222|361 359610
239|155 4121010
381|392 341110
154|320 4308110
6|381 4112110
35|329 368610
103|320 395410
88|329 365910
299|361 378610
97|329 4317010
185|329 379010
198|329 4188110
361|205 346010
3|361 4195510
281|381 353510
320|225 366110
33|361 4779710
320|298 369710
251|381 382810
207|381 365110
238|381 354610
235|329 4178710
297|381 4116410
263|155 375110
320|341 356810
232|329 385110
169|329 4199910
214|329 4104510
112|361 4177610
211|329 4139510
312|361 354310
85|329 4164910
65|329 4269010
173|361 4162410
155|282 354310
62|361 394410
141|361 4396910
290|381 4122310
149|155 4216010
155|341 353810
169|155 4212110
103|381 381010
190|320 392210
320|327 356810
70|381 391710
162|381 4135910
220|329 4122710
329|110 338910
71|320 377610
91|361 377910
151|329 4274510
183|320 4107010
143|329 392210
361|369 342810
312|381 352310
227|361 396510
303|381 4122210
234|329 370710
267|381 343310
237|381 386110
226|329 4117610
102|381 4189710
255|320 4184210
223|381 4178810
220|155 4134910
219|381 4171010
381|380 340510
179|381 358110
155|113 352610
163|329 4203810
195|320 4126010
212|361 4133010
197|155 4117010
346|361 362410
23|329 346110
310|320 392610
158|329 350410
177|381 351110
56|361 4195610
293|320 4172810
254|381 369010
274|381 360410
66|155 4475610
242|361 378410
320|171 363910
193|155 4125110
249|381 391110
133|320 376510
201|361 4166910
203|381 372510
287|381 349510
283|381 345910
24|361 4445810
29|155 396710
52|381 384110
288|361 355110
136|329 4103910
93|329 4365010
192|155 4279410
128|361 4366510
239|329 4108810
59|361 4149610
181|361 370410
247|361 362310
155|318 365010
194|155 369510
187|155 4229910
56|155 4205010
155|381 353810
41|361 350310
35|361 371410
69|361 4534710
224|329 349110
88|381 366710
231|361 389410
320|351 354210
361|329 343610
281|361 355510
114|361 360110
357|329 353310
154|329 4292910
292|361 392410
44|361 377010
225|381 351710
230|361 372410
97|381 4317810
31|361 4441110
214|320 4119710
198|381 4188910
155|351 351210
228|361 4119710
235|320 4193910
214|381 4105310
211|381 4140310
265|320 384910
63|155 4410210
282|329 342110
13|361 351710
132|155 4254110
263|329 362910
341|329 341610
156|361 359010
160|361 346510
265|155 381910
155|205 355410
3|155 4204910
100|381 4223110
331|320 375910
122|361 4241710
168|381 4142810
105|320 4226910
320|110 354110
255|329 4169010
333|329 355710
92|329 4522210
209|329 343810
245|329 4100910
361|380 342510
327|329 341610
320|361 358810
234|320 385910
105|381 4212510
255|381 4169810
162|320 4150310
143|381 393010
40|155 4177110
300|320 4115110
190|381 377810
313|155 386610
212|320 4145410
121|320 4147910
96|320 4382410
157|320 389010
320|23 361310
310|381 378210
167|155 4106510
346|320 374810
233|329 355710
179|329 357310
174|329 4111810
139|381 4405010
55|329 4421510
133|381 362110
216|155 387310
98|381 4189610
155|371 357610
238|155 366010
86|361 4111510
356|155 369410
155|365 351110
207|155 376510
116|381 4212910
157|155 386010
93|381 4365810
155|257 360910
239|381 4109610
220|361 4125510
208|155 392810
274|155 371810
126|329 361010
197|361 4107610
1|329 352010
147|329 4187010
102|361 4191710
215|155 398010
87|361 369610
273|361 4120810
193|361 4115710
96|381 4368010
32|361 4434310
176|155 4232610
229|155 4102710
17|381 396610
320|224 364310
361|117 342310
243|320 377010
357|381 354110
329|113 340410
89|329 4108810
164|361 4114810
329|351 339010
204|361 4121910
318|361 355610
50|361 375010
20|361 4259410
194|361 360110
217|320 373310
235|381 4179510
320|248 359210
232|381 385910
50|155 384410
282|381 342910
79|320 4468710
263|381 363710
99|329 4220510
182|329 382010
61|329 4633710
216|361 377910
265|329 369710
72|361 4391410
155|281 364910
5|155 4227010
123|361 4343110
341|381 342410
251|155 394210
298|329 354510
331|381 361510
320|288 367510
167|329 394310
12|361 4264610
356|329 357210
361|381 344410
40|329 4164910
260|361 373210
284|361 4102310
300|381 4100710
381|110 339710
209|381 344610
327|381 342410
247|320 374710
59|320 4162010
320|148 365010
23|381 346910
269|320 382610
320|369 355210
133|329 361310
150|381 350110
178|329 4116110
83|329 4246810
244|329 397010
165|361 354410
155|312 363710
293|361 4160410
184|361 4152210
252|320 379310
121|381 4133510
303|155 4133610
33|329 4776910
158|381 351210
152|155 381610
144|320 4180810
102|155 4201110
202|320 4138510
237|155 397510
12|381 4262610
155|369 352210
223|155 4190210
179|155 369510
303|361 4124210
289|329 345610
134|329 4424010
147|381 4187810
202|329 4123310
208|329 380610
144|329 4165610
229|329 390510
371|361 348210
152|361 372210
107|361 4194710
155|177 362510
155|186 362510
361|365 341710
52|155 395510
155|380 351910
1|381 352810
254|155 380410
140|381 4381810
242|155 387810
155|283 357310
224|381 349910
114|320 372510
89|381 4109610
361|336 344410
257|361 351510
10|329 4152310
320|41 362710
47|381 4245710
119|329 386710
183|329 391810
217|361 360910
272|329 4171010
243|329 361810
299|381 376610
218|361 359710
44|320 389410
268|361 368910
320|117 354710
248|381 344810
381|351 339810
130|361 4174310
132|329 4241910
299|329 375810
61|381 4634510
3|329 4192710
199|361 4114410
118|361 4180210
103|155 392410
155|225 363110
71|361 365210
182|381 382810
265|381 370510
228|155 4129110
167|381 395110
320|13 364110
5|361 4217610
109|361 4500310
312|329 351510
112|329 4174810
173|329 4159610
156|320 371410
356|381 358010
62|329 391610
176|361 4223210
172|361 4130710
64|361 4248210
320|160 358910
381|319 340010
76|381 4270710
222|320 372010
161|320 4139710
69|329 4531910
156|155 368410
289|381 346410
122|320 4254110
168|155 4154210
190|155 389210
320|150 364510
269|381 368210
310|361 380210
91|329 375110
106|329 4680810
244|381 397810
361|392 343110
329|369 340010
171|361 351510
71|155 374610
183|155 4104010
148|381 350610
245|155 4113110
320|287 363910
126|381 361810
157|381 374610
97|155 4329210
155|171 360910
202|381 4124110
318|329 352810
189|155 4106610
201|329 4164110
56|329 4192810
124|361 4286510
346|329 359610
144|381 4166410
207|361 367110
6|361 4114110
242|329 375610
238|361 356610
212|329 4130210
310|155 389610
237|361 388110
133|155 373510
293|155 4169810
229|381 391310
223|361 4180810
243|381 362610
290|320 4136710
101|320 4603910
381|117 340310
25|329 4554910
119|381 387510
329|365 338910
59|329 4146810
247|329 359510
41|329 347510
114|381 358110
49|361 4507510
227|320 4108910
254|361 371010
273|320 4133210
79|381 4454310
17|155 4108010
232|155 397310
205|381 344010
331|361 363510
114|329 357310
281|329 352710
292|329 389610
228|329 4116910
85|155 4177110
162|361 4137910
70|361 393710
361|267 345310
320|259 353010
54|381 4657710
235|155 4190910
141|381 4394910
69|320 4547110
196|381 4351010
185|320 394210
111|361 4171610
13|329 348910
19|329 4764110
160|329 343710
203|361 374510
156|329 356210
320|333 370910
13|381 349710
225|361 353710
320|209 359010
32|329 4431510
222|381 357610
274|361 362410
119|320 4101910
88|320 381110
45|320 4393810
112|381 4175610
35|320 383810
137|381 4186110
331|155 372910
381|369 340810
47|155 4257110
184|320 4164610
231|320 4101810
233|381 356510
137|361 4188110
108|381 4445710
329|380 339710
95|329 4255510
89|155 4121010
320|329 356010
283|361 347910
287|361 351510
194|329 357310
105|155 4223910
226|155 4129810
155|110 351110
52|361 386110
230|320 384810
178|320 4131310
155|361 355810
83|320 4262010
320|165 366810
260|320 385610
162|155 4147310
155|267 354710
300|155 4112110
320|392 355510
357|155 365510
242|381 376410
68|361 4619610
284|155 4111710
223|329 4178010
168|361 4144810
108|329 4444910
177|329 350310
56|381 4193610
86|329 4108710
145|329 4300210
88|361 368710
212|155 4142410
78|329 4315110
97|361 4319810
96|155 4379410
346|381 360410
212|381 4131010
346|155 371810
155|158 362610
189|320 4109610
121|155 4144910
41|381 348310
99|381 4221310
320|282 357310
191|329 4257610
169|361 4202710
131|329 4302310
59|381 4147610
102|329 4188910
214|361 4107310
211|361 4142310
152|320 384610
227|381 394510
85|361 4167710
65|361 4271810
181|381 368410
155|224 361310
5|329 4214810
361|110 341710
329|117 339510
292|381 390410
164|329 4112010
299|155 388010
204|329 4119110
50|329 372210
329|259 337810
44|381 375010
218|155 369110
105|361 4214510
156|381 357010
320|113 355610
220|320 4137910
216|329 375110
371|329 345410
72|329 4388610
130|381 4172310
160|381 344510
58|329 4476510
70|320 4106110
139|361 4407010
153|381 4149710
29|361 387310
333|381 356510
32|320 4446710
35|381 369410
232|361 387910
192|320 4282410
231|381 387410
247|155 371710
59|155 4159010
194|320 372510
91|381 375910
12|329 4261810
381|329 341610
284|329 399510
187|329 4217710
155|288 364510
56|320 4208010
320|318 368010
320|381 356810
230|381 370410
76|155 4282110
155|319 351410
93|320 4380210
31|381 4439110
186|381 351110
163|320 4219010
268|329 366110
297|155 4127810
64|320 4260610
29|320 399710
178|381 4116910
234|361 373510
78|381 4315910
252|155 376310
230|329 369610
269|155 379610
116|329 4212110
165|329 351610
293|329 4157610
285|381 360510
135|361 4173810
189|329 394410
155|289 357810
166|361 4233010
357|361 356110
172|155 4140110
170|361 4183510
145|381 4301010
155|1 364210
155|148 362010
126|155 373210
203|155 383910
144|155 4177810
226|361 4120410
86|381 4109510
320|336 356810
3|320 4207910
222|329 356810
107|329 4191910
48|329 4527810
161|381 4125310
152|329 369410
361|282 344910
361|341 344410
273|381 4118810
158|361 353210
320|205 358410
87|381 367610
23|361 348910
169|381 4200710
320|238 369010
292|155 4101810
155|117 351710
204|155 4131310
248|329 344010
333|361 358510
336|329 341610
217|329 358110
63|329 4398010
114|155 369510
245|361 4103710
381|259 338610
155|259 350010
44|155 386410
50|381 373010
320|381|392 376710
230|361|329 392810
56|320|381 4229210
223|155|381 4211410
320|333|329 391310
248|361|329 367210
273|361|381 4142010
172|155|381 4161310
183|320|329 4127410
202|320|381 4159710
265|381|329 390910
320|381|365 375310
155|381|113 373810
3|320|155 4240510
320|318|361 391210
281|381|329 373910
356|320|361 395610
289|381|329 366810
220|155|329 4155310
269|320|155 4115210
169|381|329 4221110
333|381|329 376910
284|361|329 4122710
112|381|329 4196010
155|312|329 384110
156|320|329 391810
244|361|381 4121010
237|155|361 4120710
244|381|329 4118210
281|361|329 375910
209|381|329 365010
381|329|392 361510
156|320|381 392610
172|155|361 4163310
155|361|369 375410
3|320|329 4228310
269|155|381 4100810
273|320|381 4154410
320|371|381 381810
248|381|329 365210
183|320|155 4139610
40|155|329 4197510
223|361|381 4202010
114|320|361 395710
333|361|329 378910
320|267|381 378910
320|361|381 380010
356|320|155 4105010
169|155|361 4235310
155|329|369 372610
130|155|361 4206910
284|155|329 4132110
202|381|329 4144510
220|361|329 4145910
96|320|381 4403610
230|320|381 4106010
318|361|381 376810
234|320|329 4106310
130|155|381 4204910
162|381|329 4156310
230|320|329 4105210
96|320|155 4415010
300|320|381 4136310
184|320|361 4187810
156|155|329 388810
169|155|381 4233310
320|224|329 384710
93|381|329 4386210
118|381|329 4198610
155|381|392 373710
114|361|381 381310
161|320|155 4172310
320|155|281 4100510
220|320|329 4158310
183|155|329 4124410
223|381|329 4199210
155|177|329 382910
333|361|381 379710
320|361|336 380010
356|320|329 392810
152|155|381 4102810
108|381|329 4466110
35|155|329 4101210
93|320|329 4400610
320|361|205 381610
356|320|381 393610
318|381|329 374010
96|155|381 4400610
118|155|329 4210010
130|361|381 4195510
234|361|329 393910
162|320|329 4170710
152|361|381 393410
79|320|381 4489910
220|155|361 4158110
169|361|381 4223910
114|361|329 380510
161|155|381 4157910
300|320|155 4147710
156|155|381 389610
230|381|329 390810
155|361|365 374310
155|318|361 388210
31|361|381 4462310
320|155|177 398110
223|155|361 4213410
83|361|329 4270010
320|155|186 398110
155|281|361 388110
336|381|329 362810
152|320|381 4105810
83|320|361 4285210
320|155|257 396510
223|155|329 4210610
320|329|369 375610
161|320|381 4160910
35|155|361 4104010
356|155|361 392610
162|361|329 4158310
300|155|381 4133310
361|381|365 362910
118|361|329 4200610
93|320|381 4401410
320|238|361 392210
285|155|381 393110
234|320|361 4109110
155|13|361 384310
58|381|329 4497710
114|155|361 392710
255|320|329 4204610
156|381|329 377410
220|320|155 4170510
155|329|380 372310
318|361|329 376010
320|361|341 380010
126|361|329 384210
361|336|381 365610
152|381|329 390610
320|381|117 375910
126|361|381 385010
320|155|380 387510
155|165|329 384210
223|361|329 4201210
12|361|381 4285810
182|361|329 4105210
239|320|155 4156610
20|361|381 4280610
83|320|329 4282410
44|320|361 4112610
222|155|361 392210
162|155|329 4167710
356|361|329 380410
255|320|381 4205410
118|155|381 4210810
72|361|381 4412610
33|361|329 4800110
282|381|329 363310
320|225|381 387310
155|283|329 377710
220|320|361 4161110
35|320|155 4116410
105|320|381 4248110
114|320|381 393710
268|361|381 390110
114|320|329 392910
239|320|329 4144410
222|320|155 4104610
255|381|329 4190210
320|333|381 392110
152|155|361 4104810
118|361|381 4201410
105|320|155 4259510
320|155|365 386710
59|320|361 4185210
320|155|225 398710
182|361|381 4106010
361|329|369 363210
44|361|381 398210
72|381|329 4409810
356|361|381 381210
71|381|329 383610
12|361|329 4285010
35|155|381 4102010
162|320|381 4171510
320|282|381 378510
361|381|392 364310
331|320|329 396310
155|225|329 383510
211|381|329 4160710
126|155|361 396410
32|361|329 4454710
162|361|381 4159110
331|381|329 381910
356|155|329 389810
361|267|381 366510
114|320|155 4105110
126|381|329 382210
320|155|371 393210
268|381|329 387310
32|320|361 4469910
320|329|380 375310
222|155|381 390210
105|320|361 4250110
152|320|155 4117210
6|361|381 4135310
182|381|329 4103210
44|155|361 4109610
72|361|329 4411810
59|361|329 4170010
35|361|329 391810
320|155|267 390310
12|381|329 4283010
239|320|381 4145210
155|171|329 381310
71|320|329 398010
118|155|361 4212810
211|361|329 4162710
211|361|381 4163510
155|171|361 384110
239|155|329 4141410
320|361|351 377410
114|381|329 378510
327|381|329 362810
71|361|329 385610
59|361|381 4170810
331|361|329 383910
162|155|381 4168510
222|155|329 389410
126|155|329 393610
224|361|329 372310
268|361|329 389310
152|155|329 4102010
320|224|381 385510
32|320|329 4467110
195|320|329 4146410
361|381|110 362910
163|320|329 4239410
44|320|381 4110610
105|155|381 4245110
320|155|341 389410
293|320|361 4196010
381|329|380 360910
155|329|110 371510
155|160|361 379110
35|320|329 4104210
356|155|381 390610
292|361|329 4112810
35|381|329 389810
356|381|329 378410
361|381|369 364010
320|281|361 391110
114|155|381 390710
331|155|329 393310
239|155|381 4142210
320|327|329 377210
152|320|361 4107810
71|155|329 395010
59|155|361 4182210
126|155|381 394410
162|320|361 4173510
132|155|329 4274510
224|361|381 373110
216|320|155 4122910
361|282|381 366110
121|320|381 4169110
222|320|361 395210
105|361|381 4235710
44|320|155 4122010
155|361|380 375110
293|320|155 4205410
41|361|329 370710
225|381|329 372110
155|361|329 376210
320|329|110 374510
361|329|351 362210
292|361|381 4113610
320|155|171 396510
41|361|381 371510
225|361|329 374110
216|320|361 4113510
193|381|329 4134110
105|155|361 4247110
114|155|329 389910
35|320|361 4107010
155|165|381 385010
152|361|329 392610
224|381|329 370310
162|320|155 4182910
331|320|381 397110
239|381|329 4130010
320|381|369 376410
121|320|155 4180510
150|361|381 373310
71|320|381 398810
59|320|329 4182410
293|320|329 4193210
320|150|381 385710
222|361|381 380810
44|155|381 4107610
361|341|381 365610
320|209|329 379410
155|267|329 375110
235|320|329 4214310
152|320|329 4105010
292|155|361 4125010
249|320|381 4126710
162|155|361 4170510
235|381|329 4199910
167|155|329 4126910
320|155|351 386810
41|381|329 368710
225|361|381 374910
222|361|329 380010
312|361|381 375510
35|361|381 392610
155|158|329 383010
121|155|381 4166110
297|155|381 4149010
331|320|361 399110
63|155|329 4430610
293|155|361 4193010
197|155|381 4138210
193|155|381 4146310
71|361|381 386410
59|320|381 4183210
216|320|329 4110710
320|381|113 376810
320|155|110 386710
197|361|381 4128810
292|381|329 4110810
216|155|361 4110510
59|320|155 4194610
97|381|329 4338210
155|341|381 375010
312|361|329 374710
235|155|329 4211310
89|381|329 4130010
71|155|381 395810
222|320|381 393210
86|320|361 4147110
214|320|329 4140110
35|320|381 4105010
160|361|329 366910
76|155|381 4303310
147|320|361 4225410
177|381|329 371510
167|155|381 4127710
193|361|381 4136910
331|320|155 4108510
155|224|329 381710
293|361|329 4180810
292|155|329 4122210
331|361|381 384710
222|320|329 392410
216|155|329 4107710
103|320|329 4115810
197|155|361 4140210
320|381|380 376110
71|320|361 4100810
59|381|329 4168010
312|381|329 372710
97|155|329 4349610
89|155|329 4141410
320|155|361 391410
235|320|381 4215110
293|155|329 4190210
361|381|351 363010
147|320|329 4222610
135|361|381 4195010
160|361|381 367710
214|381|329 4125710
193|155|329 4145510
167|381|329 4115510
201|361|329 4187310
86|320|329 4144310
86|320|381 4145110
214|361|329 4127710
107|320|381 4228310
292|155|381 4123010
102|320|381 4225310
160|381|329 364910
155|361|351 374410
331|155|381 394110
103|381|329 4101410
381|329|110 360110
193|361|329 4136110
216|361|329 398310
47|361|381 4268910
89|155|381 4142210
144|320|329 4201210
233|155|361 391110
71|320|155 4110210
59|155|329 4179410
97|361|329 4340210
222|381|329 378010
147|320|381 4223410
155|381|351 372410
235|320|155 4226510
320|298|361 392910
116|381|329 4233310
59|155|381 4180210
173|361|329 4182810
65|155|329 4301610
233|361|329 378910
235|155|381 4212110
193|155|361 4148310
86|361|329 4131910
214|320|381 4140910
320|13|329 384510
331|155|361 396110
47|155|361 4280310
103|155|329 4112810
174|155|361 4147210
107|361|381 4215910
102|320|361 4227310
238|381|329 375010
144|320|381 4202010
320|318|381 389210
71|155|361 397810
320|327|381 378010
147|361|329 4210210
245|155|329 4133510
155|205|381 376610
97|155|381 4350410
320|155|224 396910
155|289|329 378210
310|320|329 4113010
310|381|329 398610
290|155|329 4154110
97|361|381 4341010
119|155|361 4122110
320|381|110 375310
320|257|361 387110
102|320|155 4236710
212|320|361 4168610
233|361|381 379710
103|320|381 4116610
65|155|361 4304410
199|381|329 4132810
86|361|381 4132710
214|320|361 4142910
155|361|113 375810
238|155|329 386410
320|209|381 380210
174|361|329 4135010
229|155|361 4125910
107|381|329 4213110
245|361|329 4124110
47|155|381 4278310
144|320|155 4213410
155|371|381 378810
147|361|381 4211010
155|1|329 384610
155|287|381 382110
361|329|380 362910
310|361|329 4100610
199|155|329 4144210
144|381|329 4186810
238|361|329 377010
290|155|381 4154910
97|155|361 4352410
119|155|329 4119310
212|361|329 4153410
214|361|381 4128510
103|320|155 4128010
102|320|329 4224510
320|155|288 4100110
65|361|329 4292210
174|155|329 4144410
107|320|361 4230310
86|381|329 4129910
165|361|381 375610
229|361|329 4113710
155|381|365 372310
233|155|329 388310
245|155|361 4136310
147|381|329 4208210
155|148|329 382410
229|361|381 4114510
238|155|381 387210
310|155|329 4110010
320|361|365 377310
233|155|381 389110
361|329|117 362710
144|155|329 4198210
1|361|329 375210
320|155|148 397610
199|361|329 4134810
290|320|155 4169310
212|155|361 4165610
155|361|392 375710
103|155|381 4113610
107|320|329 4227510
91|361|329 398310
165|381|329 372810
102|361|381 4212910
139|361|381 4428210
13|361|329 372110
254|320|329 4103810
119|155|381 4120110
155|329|117 372110
87|320|361 4105210
208|320|361 4119010
13|361|381 372910
199|155|381 4145010
320|155|369 387810
381|329|351 360210
229|155|329 4123110
144|155|381 4199010
320|23|329 381710
320|336|381 378010
208|320|155 4128410
233|381|329 376910
238|361|381 377810
212|361|381 4154210
1|361|381 376010
361|381|329 364810
155|361|110 374310
107|361|329 4215110
290|381|329 4142710
153|155|381 4182310
165|361|329 374810
254|320|381 4104610
119|320|155 4134510
320|371|361 383810
179|320|361 395710
91|361|381 399110
155|281|381 386110
320|361|267 380910
102|155|381 4222310
155|329|259 370410
310|320|381 4113810
87|320|381 4103210
179|361|381 381310
254|320|155 4116010
119|361|329 4109910
13|381|329 370110
208|320|329 4116210
199|361|381 4135610
310|320|361 4115810
229|155|381 4123910
154|320|329 4328510
320|341|329 377210
87|361|381 390810
320|23|361 384510
238|155|361 389210
320|165|329 387210
212|320|329 4165810
320|186|381 386710
102|381|329 4210110
320|177|329 385910
361|329|365 362110
69|361|329 4555110
1|381|329 373210
91|381|329 396310
290|320|329 4157110
122|320|361 4277310
155|312|381 384910
203|381|329 392910
320|205|381 379610
178|361|329 4139310
99|155|329 4253110
179|361|329 380510
212|320|155 4178010
208|155|361 4116010
145|155|329 4332810
290|320|381 4157910
310|320|155 4125210
203|361|329 394910
254|320|361 4106610
102|155|361 4224310
190|320|329 4112610
272|155|361 4206410
320|171|361 387110
320|224|361 387510
119|361|381 4110710
155|371|361 380810
320|155|117 387310
199|155|361 4147010
111|320|329 4204410
320|238|381 390210
204|361|329 4142310
320|329|392 375910
69|320|361 4570310
178|320|361 4154510
313|320|361 4112810
361|336|329 364810
320|13|381 385310
155|381|369 373410
229|381|329 4111710
178|361|381 4140110
320|41|329 383110
208|361|329 4103810
361|329|392 363510
212|320|381 4166610
310|361|381 4101410
320|248|361 382410
179|155|361 392710
171|361|329 371910
102|361|329 4212110
313|320|381 4110810
254|381|329 389410
119|320|361 4125110
272|155|329 4203610
192|155|381 4300610
204|155|361 4154510
203|155|329 4104310
99|155|381 4253910
69|320|329 4567510
145|155|381 4333610
320|155|13 396710
190|381|329 398210
155|177|381 383710
320|282|329 377710
111|320|361 4207210
320|155|160 391510
111|361|329 4192010
155|312|361 386910
190|155|329 4109610
320|287|381 385110
208|155|329 4113210
203|361|381 395710
178|320|329 4151710
310|155|381 4110810
212|155|329 4162810
361|267|329 365710
155|150|381 382710
155|13|329 381510
145|381|329 4321410
320|225|361 389310
320|288|361 390710
102|155|329 4221510
157|320|155 4121610
272|361|329 4194210
204|155|329 4151710
254|155|329 4100810
119|381|329 4107910
179|320|381 393710
148|381|329 371010
155|283|361 380510
192|320|381 4303610
155|186|381 383710
99|381|329 4241710
313|320|155 4122210
320|329|113 376010
155|282|381 375510
203|155|381 4105110
227|320|361 4132110
179|320|329 392910
381|329|113 361610
158|381|329 371610
320|318|329 388410
357|381|329 374510
310|155|361 4112810
178|381|329 4137310
267|381|329 363710
320|329|351 374610
313|361|381 398410
198|320|155 4235910
320|248|329 379610
320|155|150 397110
212|381|329 4151410
192|320|155 4315010
361|329|110 362110
243|320|361 4100210
181|320|361 4106010
155|257|361 384110
190|320|381 4113410
247|320|361 397910
157|320|381 4110210
119|320|329 4122310
155|381|380 373110
254|361|329 391410
203|155|361 4107110
157|155|381 4107210
119|320|381 4123110
212|155|381 4163610
254|155|381 4101610
78|381|329 4336310
227|361|381 4117710
158|361|329 373610
247|361|329 382710
181|320|381 4104010
5|155|361 4250210
346|320|361 398010
251|320|381 4118410
320|381|329 377210
313|155|361 4109810
198|320|329 4223710
320|281|329 388310
190|320|155 4124810
357|155|329 385910
320|155|287 396510
320|148|329 385410
243|361|329 385010
178|320|381 4152510
320|23|381 382510
361|282|329 365310
179|320|155 4105110
155|283|381 378510
320|361|369 378410
23|381|329 367310
381|329|117 360710
361|341|329 364810
357|361|329 376510
190|155|381 4110410
247|155|361 394910
254|361|381 392210
181|361|381 391610
227|320|381 4130110
158|361|381 374410
320|341|381 378010
207|381|329 385510
155|165|361 387010
228|155|361 4152310
88|155|329 398510
251|320|155 4129810
313|155|381 4107810
346|361|329 382810
198|320|381 4224510
179|381|329 378510
320|336|329 377210
137|381|329 4206510
320|177|381 386710
320|155|259 385610
320|41|361 385910
361|381|319 363210
5|155|329 4247410
64|361|329 4268610
155|225|381 384310
243|361|381 385810
320|333|155 4103510
243|320|329 397410
207|155|329 396910
143|320|329 4127810
64|320|329 4281010
88|155|381 399310
23|361|329 369310
194|155|381 390710
320|361|117 377910
228|361|329 4140110
357|155|381 386710
247|320|329 395110
254|155|361 4103610
137|361|329 4208510
55|361|329 4444710
155|160|329 376310
303|320|381 4157810
155|318|381 386210
61|155|329 4666310
198|155|329 4220710
346|361|381 383610
5|361|329 4238010
251|155|381 4115410
179|155|381 390710
179|155|329 389910
207|361|329 387510
88|320|155 4113710
143|320|381 4128610
155|361|341 377010
320|13|361 387310
23|361|381 370110
257|361|329 371910
64|320|361 4283810
194|361|381 381310
357|361|381 377310
263|155|329 395510
381|329|369 361210
228|155|329 4149510
260|361|381 394410
247|320|155 4107310
361|381|380 363710
137|361|381 4209310
198|155|381 4221510
303|320|155 4169210
61|155|381 4667110
155|13|381 382310
243|320|381 398210
346|155|361 395010
218|361|381 380910
155|381|110 372310
320|238|329 389410
320|41|381 383910
303|320|361 4159810
346|320|329 395210
207|155|381 397710
243|381|329 383010
341|381|329 362810
218|155|381 390310
320|329|259 373410
263|155|381 396310
298|361|329 377710
320|160|361 382110
320|155|329 388610
168|155|381 4175410
194|381|329 378510
50|320|361 4110610
299|361|381 399810
143|381|329 4113410
260|320|381 4106810
357|155|361 388710
88|155|361 4101310
155|282|329 374710
198|381|329 4209310
247|155|329 392110
85|155|329 4197510
61|381|329 4654910
155|361|381 377010
381|329|259 359010
85|361|329 4188110
155|361|267 377910
168|361|381 4166010
320|298|329 390110
217|320|381 394510
17|155|381 4129210
346|320|381 396010
320|150|361 387710
303|155|381 4154810
207|361|381 388310
88|381|329 387110
218|155|361 392310
231|155|361 4122010
320|160|329 379310
320|155|165 399410
194|320|381 393710
263|381|329 384110
287|361|381 372710
320|381|351 375410
62|320|361 4130010
260|320|361 4108810
299|361|329 399010
155|341|329 374210
187|155|381 4251110
29|155|381 4117910
176|320|329 4256010
50|320|155 4120010
320|248|381 380410
155|267|381 375910
320|287|361 387110
187|381|329 4238910
320|281|381 389110
62|320|329 4127210
155|158|361 385810
231|320|155 4134410
66|155|361 4498810
265|320|361 4108110
85|155|361 4200310
346|320|155 4107410
176|381|329 4241610
50|320|329 4107810
303|361|381 4145410
320|361|380 378110
320|155|392 388110
207|155|361 399710
371|361|381 369410
194|155|361 392710
217|361|381 382110
219|381|329 4191410
56|155|361 4228210
155|329|113 373010
168|155|361 4177410
88|320|329 4101510
29|361|381 4108510
299|155|361 4111210
320|148|381 386210
232|381|329 4106310
155|158|381 383810
155|224|381 382510
299|381|329 397010
217|381|329 379310
155|160|381 377110
232|155|329 4117710
155|224|361 384510
187|155|329 4250310
62|361|329 4114810
50|320|381 4108610
231|155|381 4120010
185|320|329 4114610
265|155|361 4105110
371|381|329 366610
346|381|329 380810
88|361|329 389110
194|155|329 389910
176|155|329 4253010
70|361|381 4114910
303|155|361 4156810
155|318|329 385410
56|361|329 4216010
52|381|329 4104510
48|155|329 4560410
29|320|381 4120910
320|155|282 389910
320|257|329 384310
274|381|329 380810
320|155|113 388210
52|155|329 4115910
155|287|361 384110
274|155|329 392210
70|320|381 4127310
155|288|361 387710
299|155|381 4109210
189|155|381 4127810
232|361|329 4108310
381|329|365 360110
217|320|361 396510
320|333|361 394110
88|320|381 4102310
371|361|329 368610
283|381|329 366310
50|155|361 4107610
141|361|381 4418110
231|320|361 4125010
194|320|155 4105110
265|361|329 392910
133|320|381 397710
346|155|329 392210
155|381|329 374210
56|361|381 4216810
320|165|381 388010
176|361|329 4243610
49|361|329 4527910
29|155|361 4119910
155|381|319 372610
176|320|381 4256810
133|320|329 396910
155|361|319 374610
274|361|329 382810
52|361|329 4106510
299|155|329 4108410
70|320|361 4129310
232|155|381 4118510
164|361|329 4135210
217|320|329 393710
320|155|318 4100610
320|361|110 377310
189|320|381 4130810
88|361|381 389910
231|361|381 4110610
283|361|329 368310
194|361|329 380510
155|329|351 371610
230|155|361 4105010
50|361|329 395410
56|320|361 4231210
320|329|365 374510
242|155|361 4111010
346|155|381 393010
265|361|381 393710
29|320|155 4132310
155|289|381 379010
50|361|381 396210
230|320|155 4117410
237|320|381 4121710
194|320|361 395710
155|289|361 381010
176|320|155 4268210
231|320|381 4123010
320|155|381 389410
274|155|381 393010
133|320|155 4109110
320|361|329 379210
52|155|381 4116710
252|320|361 4102510
320|371|329 381010
156|320|361 394610
232|361|381 4109110
320|381|259 374210
320|267|329 378110
56|155|329 4225410
283|361|381 369110
189|381|329 4115610
217|361|329 381310
29|320|361 4122910
134|361|329 4447210
88|320|361 4104310
242|361|329 398810
265|320|155 4117510
155|1|381 385410
284|361|381 4123510
320|165|361 390010
226|155|329 4150210
3|155|361 4228110
230|155|381 4103010
269|320|361 4105810
155|1|361 387410
50|155|329 4104810
202|320|361 4161710
274|361|381 383610
237|320|155 4133110
265|320|329 4105310
242|361|381 399610
361|381|117 363510
320|160|381 380110
176|320|361 4258810
252|155|361 399510
133|381|329 382510
361|329|113 363610
223|320|381 4214410
155|371|329 378010
52|361|381 4107310
189|320|155 4142210
194|320|329 392910
232|155|361 4120510
172|381|329 4149110
156|155|361 391610
155|225|361 386310
56|155|381 4226210
333|155|329 388310
155|148|381 383210
320|171|329 384310
156|361|329 379410
189|155|329 4127010
320|361|392 378710
52|155|361 4118710
284|155|381 4132910
265|320|381 4106110
226|361|329 4140810
230|155|329 4102210
269|361|381 391410
237|320|361 4123710
155|329|392 372910
242|155|329 4108210
50|155|381 4105610
252|320|155 4111910
320|155|205 391010
202|361|329 4146510
3|361|329 4215910
155|329|365 371510
176|155|381 4253810
274|155|361 395010
172|361|329 4151110
183|320|361 4130210
133|155|381 394710
223|320|155 4225810
56|320|155 4240610
169|155|329 4232510
56|381|329 4214010
155|381|117 372910
237|155|381 4118710
320|361|282 380510
223|320|361 4216410
133|155|329 393910
155|361|117 374910
176|361|381 4244410
112|361|329 4198010
202|361|381 4147310
189|320|329 4130010
156|361|381 380210
155|361|205 378610
284|381|329 4120710
230|320|361 4108010
226|155|361 4153010
242|155|381 4109010
361|205|381 367210
3|320|361 4231110
269|155|361 4102810
289|361|329 368810
50|381|329 393410
333|155|381 389110
155|257|329 381310
172|155|329 4160510
265|155|329 4102310
320|238|155 4101610
183|361|329 4115010
155|381|259 371210
56|320|329 4228410
155|361|282 377510
361|381|113 364410
169|361|329 4223110
155|150|361 384710
223|320|329 4213610
176|155|361 4255810
202|320|329 4158910
281|361|381 376710
320|361|113 378810
244|361|329 4120210
320|329|117 375110
273|320|361 4156410
112|361|381 4198810
284|155|361 4134910
156|320|155 4104010
242|381|329 396810
265|155|381 4103110
289|361|381 369610
230|361|381 393610
333|155|361 391110
320|225|329 386510
155|281|329 385310
3|155|329 4225310
172|361|381 4151910
269|320|381 4103810
237|361|381 4109310
183|155|361 4127210
248|361|381 368010
152|361|381|329 4113810
239|320|381|329 4165610
320|155|160|361 4114710
102|155|361|329 4244710
217|320|361|329 4116910
310|320|361|329 4136210
320|41|361|381 4107110
32|320|361|329 4490310
105|155|361|381 4268310
356|155|381|329 4111010
265|320|155|361 4140710
50|320|381|329 4129010
320|238|155|329 4122010
155|361|381|369 396610
3|155|361|329 4248510
313|155|361|381 4131010
346|155|361|329 4115410
320|155|381|113 4109410
331|155|361|329 4116510
361|282|381|329 386510
320|155|150|361 4120310
320|155|371|329 4113610
346|155|361|381 4116210
162|361|381|329 4179510
155|381|329|351 392810
310|320|155|329 4145610
320|155|281|361 4123710
93|320|381|329 4421810
83|320|361|329 4305610
103|320|381|329 4137010
178|361|381|329 4160510
52|155|381|329 4137110
265|320|361|329 4128510
189|155|381|329 4148210
331|155|361|381 4117310
145|155|381|329 4354010
88|320|155|329 4134110
208|155|361|329 4136410
208|320|155|361 4151610
155|361|282|329 397910
247|155|361|329 4115310
212|320|361|329 4189010
320|155|287|361 4119710
52|155|361|329 4139110
102|320|361|381 4248510
346|155|381|329 4113410
320|155|318|381 4121810
143|320|381|329 4149010
310|320|361|381 4137010
155|165|381|329 4105410
44|155|361|381 4130810
320|361|267|329 4101310
155|361|267|381 399110
155|371|361|381 4102010
103|320|155|329 4148410
225|361|381|329 395310
226|155|361|329 4173410
88|320|155|381 4134910
320|155|177|329 4118510
265|320|361|381 4129310
193|361|381|329 4157310
118|361|381|329 4221810
208|320|361|329 4139410
212|320|155|361 4201210
35|361|381|329 4113010
155|165|361|329 4107410
265|320|155|329 4137910
237|155|361|381 4141910
102|320|155|381 4257910
155|361|381|319 395810
52|155|361|381 4139910
208|320|155|329 4148810
320|381|329|380 396510
155|371|381|329 399210
243|361|381|329 4106210
361|381|329|369 384410
269|155|361|381 4124010
88|320|155|361 4136910
310|320|155|381 4146410
103|320|155|381 4149210
183|155|361|329 4147610
157|320|155|381 4142810
194|320|155|381 4126310
156|155|381|329 4110010
223|155|361|381 4234610
320|155|361|329 4111810
194|320|361|381 4116910
194|155|361|381 4113910
155|371|361|329 4101210
212|320|361|381 4189810
155|165|361|381 4108210
155|361|381|117 396110
235|320|381|329 4235510
320|155|205|381 4112210
265|320|155|381 4138710
320|318|361|381 4112410
155|150|361|381 4105910
333|361|381|329 4100110
102|320|381|329 4245710
155|171|361|329 4104510
310|320|155|361 4148410
88|320|381|329 4122710
72|361|381|329 4433010
265|320|381|329 4126510
320|155|165|361 4122610
273|320|361|381 4177610
223|155|381|329 4231810
156|155|361|329 4112010
212|320|155|329 4198410
194|155|381|329 4111110
155|361|205|381 399810
320|160|361|329 4102510
269|320|155|361 4138410
194|320|381|329 4114110
263|155|381|329 4116710
235|320|155|329 4246910
102|320|155|361 4259910
320|318|361|329 4111610
88|320|361|329 4124710
97|361|381|329 4361410
320|155|381|117 4108510
112|361|381|329 4219210
59|155|361|329 4202610
212|320|381|329 4187010
269|320|155|381 4136410
320|155|361|392 4111310
102|320|361|329 4247710
223|155|361|329 4233810
107|320|361|381 4251510
194|155|361|329 4113110
274|361|381|329 4104010
155|361|282|381 398710
320|160|361|381 4103310
156|155|361|381 4112810
320|381|329|110 395710
320|155|341|329 4109810
214|320|381|329 4161310
320|155|329|380 4107910
87|320|361|381 4126410
88|320|361|381 4125510
194|320|155|361 4128310
235|320|155|381 4247710
222|361|381|329 4101210
320|318|381|329 4109610
320|155|225|361 4121910
155|361|381|351 395610
59|155|361|381 4203410
155|341|381|329 395410
212|320|155|381 4199210
155|160|361|329 399510
71|361|381|329 4106810
155|361|329|365 394710
320|155|361|282 4113110
310|155|381|329 4131210
320|155|371|381 4114410
320|160|381|329 4100510
107|320|381|329 4248710
320|155|287|381 4117710
50|361|381|329 4116610
102|320|155|329 4257110
190|155|381|329 4130810
214|320|361|329 4163310
103|155|381|329 4134010
147|361|381|329 4231410
13|361|381|329 393310
320|155|329|351 4107210
269|320|361|381 4127010
194|320|155|329 4125510
59|155|381|329 4200610
361|341|381|329 386010
155|381|329|365 392710
290|155|381|329 4175310
320|165|381|329 4108410
320|155|361|113 4111410
194|320|361|329 4116110
233|155|361|329 4111510
320|155|257|361 4119710
211|361|381|329 4183910
243|320|361|329 4120610
310|155|361|329 4133210
155|160|361|381 4100310
320|336|381|329 398410
214|320|361|381 4164110
155|318|361|381 4109410
107|320|361|329 4250710
242|155|361|329 4131410
361|381|329|351 383410
114|155|361|381 4113910
247|320|361|329 4118310
222|155|361|381 4113410
320|155|177|381 4119310
155|267|381|329 396310
320|155|329|259 4106010
320|381|329|351 395810
320|155|318|361 4123810
320|361|329|369 398810
222|155|361|329 4112610
293|320|155|361 4228610
320|165|361|329 4110410
212|155|361|329 4186010
243|320|361|381 4121410
320|361|336|381 4101210
242|155|361|381 4132210
333|155|381|329 4109510
233|155|361|381 4112310
155|160|381|329 397510
310|155|361|381 4134010
207|361|381|329 4108710
62|320|361|329 4150410
155|318|361|329 4108610
247|320|155|361 4130510
56|155|361|329 4248610
114|155|361|329 4113110
242|155|381|329 4129410
56|155|361|381 4249410
238|155|381|329 4107610
320|155|361|381 4112610
155|312|381|329 4105310
320|381|329|259 394610
212|155|361|381 4186810
293|320|361|329 4216410
243|320|381|329 4118610
222|155|381|329 4110610
333|155|361|329 4111510
233|155|381|329 4109510
320|165|361|381 4111210
155|283|361|329 4100910
320|361|205|381 4102810
155|318|381|329 4106610
114|155|381|329 4111110
155|281|361|381 4109310
320|287|361|381 4108310
155|289|381|329 399410
247|320|155|329 4127710
248|361|381|329 388410
35|320|155|329 4136810
155|312|361|329 4107310
155|289|361|329 4101410
320|148|381|329 4106610
155|281|361|329 4108510
346|361|381|329 4104010
86|320|361|329 4167510
56|155|381|329 4246610
212|155|381|329 4184010
293|320|155|329 4225810
155|283|381|329 398910
333|155|361|381 4112310
56|320|361|381 4252410
70|320|361|381 4150510
320|155|13|329 4117110
245|155|361|329 4156710
320|361|341|381 4101210
320|155|361|205 4114210
238|155|361|329 4109610
69|320|361|329 4590710
254|320|381|329 4125010
238|155|361|381 4110410
35|320|155|361 4139610
158|361|381|329 394810
155|289|361|381 4102210
168|155|361|381 4198610
130|155|361|381 4228110
119|155|361|329 4142510
320|155|148|329 4118010
320|361|381|351 398610
86|320|361|381 4168310
320|155|341|381 4110610
174|155|361|329 4167610
71|155|381|329 4116210
320|155|381|380 4108710
155|312|361|381 4108110
320|155|281|329 4120910
155|283|361|381 4101710
289|361|381|329 390010
320|150|361|381 4108910
155|281|381|329 4106510
56|320|155|381 4261810
155|282|381|329 395910
320|155|361|267 4113510
320|361|381|365 398510
198|155|381|329 4241910
155|361|381|365 395510
254|320|155|329 4136410
179|361|381|329 4101710
165|361|381|329 396010
35|320|155|381 4137610
119|155|361|381 4143310
56|320|381|329 4249610
194|361|381|329 4101710
361|267|381|329 386910
71|155|361|329 4118210
320|381|329|392 397110
86|320|381|329 4165510
156|320|381|329 4113010
320|209|381|329 4100610
198|320|155|329 4256310
320|155|381|351 4108010
244|361|381|329 4141410
229|361|381|329 4134910
144|320|381|329 4222410
303|155|361|381 4178010
133|155|381|329 4115110
198|320|155|381 4257110
71|155|361|381 4119010
29|155|361|381 4141110
361|381|329|380 384110
61|155|381|329 4687510
56|320|155|361 4263810
155|381|329|369 393810
119|155|381|329 4140510
265|361|381|329 4114110
320|361|267|381 4102110
254|320|361|329 4127010
35|320|361|329 4127410
156|320|361|329 4115010
320|23|361|329 4104910
59|320|361|329 4205610
223|320|155|381 4247010
235|155|381|329 4232510
223|320|361|381 4237610
144|320|155|329 4233810
155|361|381|113 397010
56|361|381|329 4237210
320|224|381|329 4105910
320|248|361|329 4102810
361|381|329|117 383910
167|155|381|329 4148110
91|361|381|329 4119510
320|361|329|117 398310
56|320|361|329 4251610
71|320|381|329 4119210
198|320|381|329 4244910
320|155|381|259 4106810
156|320|155|329 4124410
105|320|155|381 4280710
320|361|381|369 399610
59|320|361|381 4206410
320|155|361|110 4109910
254|320|155|381 4137210
320|361|341|329 4100410
320|23|381|329 4102910
35|320|381|329 4125410
357|361|381|329 397710
229|155|361|329 4146310
320|361|381|117 399110
56|320|155|329 4261010
254|320|361|381 4127810
155|13|361|329 4104710
223|320|381|329 4234810
320|248|361|381 4103610
144|320|155|381 4234610
320|23|361|381 4105710
231|320|155|361 4157610
320|224|361|329 4107910
156|320|361|381 4115810
320|155|171|361 4119710
222|320|155|361 4127810
71|320|361|329 4121210
361|381|329|113 384810
230|320|381|329 4126410
105|320|361|381 4271310
59|320|155|361 4217810
35|320|361|381 4128210
229|155|361|381 4147110
105|320|155|361 4282710
155|13|361|381 4105510
222|320|155|381 4125810
320|327|381|329 398410
320|361|381|380 399310
320|248|381|329 4100810
254|320|155|361 4139210
331|361|381|329 4105110
230|155|361|381 4126210
231|320|155|381 4155610
114|361|381|329 4101710
156|320|155|381 4125210
223|320|155|361 4249010
228|155|361|329 4172710
71|320|155|329 4130610
320|224|361|381 4108710
320|155|165|329 4119810
320|155|13|381 4117910
59|320|381|329 4203610
320|155|225|329 4119110
230|320|155|381 4138610
222|320|155|329 4125010
229|155|381|329 4144310
155|13|381|329 4102710
230|320|361|381 4129210
320|155|281|381 4121710
155|224|381|329 4102910
118|155|381|329 4231210
320|267|381|329 399310
152|320|155|381 4138410
231|320|361|381 4146210
320|298|361|329 4113310
320|361|381|110 398510
320|155|148|381 4118810
223|320|155|329 4246210
156|320|155|361 4127210
230|155|361|329 4125410
71|320|361|381 4122010
320|155|329|392 4108510
162|320|381|329 4191910
59|320|155|329 4215010
169|361|381|329 4244310
230|320|155|329 4137810
152|320|361|381 4129010
320|155|257|329 4116910
59|320|155|381 4215810
222|320|361|381 4116410
118|155|361|329 4233210
64|320|361|329 4304210
152|155|361|381 4126010
155|224|361|329 4104910
356|320|155|361 4128210
252|320|155|361 4135110
320|155|282|329 4110310
223|320|361|329 4236810
320|361|381|329 4100410
155|361|329|380 395510
162|320|361|329 4193910
71|320|155|381 4131410
230|155|381|329 4123410
155|381|329|380 393510
97|155|381|329 4370810
162|320|155|329 4203310
162|155|381|329 4188910
107|361|381|329 4236310
320|155|329|113 4108610
97|155|361|329 4372810
320|171|361|329 4107510
118|155|361|381 4234010
152|320|381|329 4126210
152|155|381|329 4123210
222|320|361|329 4115610
155|224|361|381 4105710
230|320|361|329 4128410
193|155|381|329 4166710
272|155|361|329 4226810
320|361|329|380 398510
71|320|155|361 4133410
320|361|381|392 399910
232|155|381|329 4138910
356|320|361|329 4116010
232|155|361|329 4140910
162|155|361|329 4190910
320|155|318|329 4121010
320|361|282|381 4101710
320|155|224|329 4117310
97|155|361|381 4373610
162|320|361|381 4194710
292|361|381|329 4134010
65|155|361|329 4324810
152|155|361|329 4125210
152|320|155|361 4140410
23|361|381|329 390510
230|320|155|361 4140610
320|381|329|365 395710
274|155|381|329 4113410
222|320|381|329 4113610
320|155|361|365 4109910
193|155|361|381 4169510
47|155|361|381 4301510
179|320|361|381 4116910
356|320|361|381 4116810
356|320|155|329 4125410
156|361|381|329 4100610
320|371|361|381 4105010
162|155|361|381 4191710
320|155|381|329 4109810
232|155|361|381 4141710
361|381|329|365 383310
152|320|155|329 4137610
320|361|381|113 4100010
179|320|361|329 4116110
162|320|155|381 4204110
181|320|361|381 4127210
230|361|381|329 4114010
193|155|361|329 4168710
274|155|361|329 4115410
320|155|160|329 4111910
254|361|381|329 4112610
1|361|381|329 396410
29|320|155|381 4153510
274|155|361|381 4116210
29|320|361|381 4144110
371|361|381|329 389810
356|320|155|381 4126210
331|320|381|329 4117510
88|155|381|329 4119710
99|155|381|329 4274310
320|281|361|329 4111510
152|320|361|329 4128210
357|155|381|329 4107110
155|381|329|110 392710
313|320|361|381 4134010
155|361|381|392 396910
162|320|155|361 4206110
303|320|155|381 4190410
361|336|381|329 386010
320|371|381|329 4102210
179|320|155|361 4128310
320|155|225|381 4119910
357|155|361|329 4109110
356|320|381|329 4114010
331|320|361|329 4119510
320|155|267|329 4110710
303|320|361|381 4181010
88|155|361|329 4121710
237|320|155|381 4154310
29|320|155|361 4155510
179|320|381|329 4114110
155|177|381|329 4104110
292|155|361|329 4145410
320|371|361|329 4104210
313|320|155|361 4145410
255|320|381|329 4225810
320|361|329|110 397710
111|320|361|329 4227610
155|381|329|113 394210
320|281|361|381 4112310
119|361|381|329 4131110
320|225|361|381 4110510
357|155|361|381 4109910
320|281|381|329 4109510
176|320|381|329 4277210
238|361|381|329 398210
303|320|155|361 4192410
331|320|155|329 4128910
190|320|381|329 4133810
313|320|155|381 4143410
102|361|381|329 4233310
179|320|155|381 4126310
320|361|329|351 397810
88|155|361|381 4122510
292|155|361|381 4146210
237|320|361|381 4144910
155|361|381|380 396310
224|361|381|329 393510
12|361|381|329 4306210
35|155|361|329 4124410
176|361|381|329 4264810
176|320|155|329 4288610
293|155|361|329 4213410
331|320|361|381 4120310
179|155|361|381 4113910
237|320|155|361 4156310
179|320|155|329 4125510
160|361|381|329 388110
320|155|329|369 4108210
176|155|381|329 4274210
292|155|381|329 4143410
155|287|361|381 4105310
133|320|381|329 4118110
218|155|361|381 4113510
190|320|155|329 4145210
320|155|329|110 4107110
320|225|381|329 4107710
290|320|155|329 4189710
176|155|361|329 4276210
331|320|155|381 4129710
320|155|224|381 4118110
35|155|381|329 4122410
176|320|361|329 4279210
251|320|155|381 4151010
187|155|381|329 4271510
5|155|361|329 4270610
320|155|171|329 4116910
179|155|361|329 4113110
320|225|361|329 4109710
190|320|155|381 4146010
231|155|361|381 4143210
207|155|381|329 4118110
41|361|381|329 391910
320|13|381|329 4105710
133|320|155|381 4130310
260|320|361|381 4130010
176|155|361|381 4277010
207|155|361|329 4120110
133|320|155|329 4129510
290|320|155|381 4190510
320|13|361|329 4107710
320|155|165|381 4120610
176|320|155|381 4289410
126|361|381|329 4105410
331|320|155|361 4131710
281|361|381|329 397110
169|155|361|381 4256510
155|381|329|117 393310
199|155|381|329 4165410
35|155|361|381 4125210
320|361|329|392 399110
320|381|329|117 396310
242|361|381|329 4120010
179|155|381|329 4111110
320|155|160|381 4112710
239|155|381|329 4162610
155|225|381|329 4104710
59|361|381|329 4191210
202|320|361|381 4182910
199|155|361|329 4167410
320|361|282|329 4100910
290|320|381|329 4178310
176|320|361|381 4280010
203|155|381|329 4125510
169|155|361|329 4255710
119|320|155|361 4157710
312|361|381|329 395910
320|13|361|381 4108510
178|320|361|329 4174910
310|361|381|329 4121810
207|155|361|381 4120910
155|381|329|259 391610
126|155|361|329 4116810
320|155|371|361 4116410
320|361|329|113 399210
155|361|381|110 395510
176|320|155|361 4291410
44|320|361|381 4133810
155|225|361|329 4106710
320|155|267|381 4111510
284|155|381|329 4153310
203|155|361|329 4127510
202|320|381|329 4180110
169|155|381|329 4253710
172|361|381|329 4172310
119|320|155|329 4154910
199|155|361|381 4168210
361|381|329|392 384710
216|155|361|329 4130910
320|177|381|329 4107110
178|320|361|381 4175710
203|155|361|381 4128310
178|320|381|329 4172910
155|361|329|351 394810
126|155|361|381 4117610
155|257|361|329 4104510
44|320|155|361 4145210
155|1|381|329 4105810
137|361|381|329 4229710
223|361|381|329 4222410
212|361|381|329 4174610
119|320|155|381 4155710
284|155|361|329 4155310
202|320|361|329 4182110
155|225|361|381 4107510
318|361|381|329 397210
320|155|381|110 4107910
86|361|381|329 4153110
114|320|361|381 4116910
265|155|361|329 4125510
155|1|361|329 4107810
44|320|155|381 4143210
182|361|381|329 4126410
126|155|381|329 4114810
320|155|381|369 4109010
119|320|361|329 4145510
320|257|361|329 4107510
320|155|329|365 4107110
320|361|336|329 4100410
284|155|361|381 4156110
155|361|329|113 396210
189|320|155|381 4163410
300|320|155|381 4168910
202|361|381|329 4167710
189|320|381|329 4151210
227|320|361|381 4153310
172|155|361|381 4184510
199|361|381|329 4156010
114|320|361|329 4116110
265|155|361|381 4126310
155|381|329|392 394110
320|155|381|392 4109310
155|1|361|381 4108610
346|320|361|329 4118410
96|320|155|381 4436210
254|155|381|329 4122010
119|320|361|381 4146310
268|361|381|329 4110510
320|282|381|329 398910
155|361|329|392 396110
232|361|381|329 4129510
320|155|224|361 4120110
320|333|381|329 4112510
299|361|381|329 4120210
155|158|361|329 4106210
320|361|329|365 397710
114|320|155|361 4128310
254|155|361|329 4124010
172|155|381|329 4181710
265|155|381|329 4123510
204|155|361|329 4174910
155|361|329|369 395810
89|155|381|329 4162610
320|381|329|369 396810
346|320|361|381 4119210
189|320|155|329 4162610
119|320|381|329 4143510
356|361|381|329 4101610
220|320|155|329 4190910
155|361|329|110 394710
183|320|155|329 4160010
320|155|288|361 4123310
3|320|155|329 4260910
147|320|361|329 4245810
220|320|361|329 4181510
214|361|381|329 4148910
320|333|155|329 4123910
114|320|381|329 4114110
155|158|381|329 4104210
320|341|381|329 398410
320|155|361|341 4112610
320|155|361|380 4110710
254|155|361|381 4124810
172|155|361|329 4183710
197|155|361|381 4161410
50|320|155|361 4143210
346|320|155|361 4130610
155|361|341|329 397410
183|320|361|329 4150610
320|238|361|381 4113410
299|155|361|381 4132410
3|320|155|361 4263710
114|320|155|381 4126310
155|361|341|381 398210
183|320|155|361 4162810
155|361|381|329 397410
155|158|361|381 4107010
320|333|361|329 4114510
320|238|361|329 4112610
50|155|361|329 4128010
346|320|381|329 4116410
320|155|361|351 4110010
220|320|155|361 4193710
52|361|381|329 4127710
147|320|361|381 4246610
50|320|361|329 4131010
155|148|381|329 4103610
88|361|381|329 4110310
320|155|361|369 4111010
216|320|155|361 4146110
320|155|186|381 4119310
361|381|329|110 383310
234|320|361|329 4129510
320|238|155|361 4124810
161|320|155|381 4193510
121|320|155|381 4201710
320|155|282|381 4111110
155|361|267|329 398310
3|320|361|329 4251510
192|320|155|381 4336210
346|320|155|329 4127810
320|333|155|381 4124710
50|155|361|381 4128810
114|320|155|329 4125510
50|320|361|381 4131810
299|155|361|329 4131610
147|320|381|329 4243810
283|361|381|329 389510
320|155|361|117 4110510
50|320|155|329 4140410
233|361|381|329 4100110
320|238|381|329 4110610
320|41|361|329 4106310
216|320|155|329 4143310
346|320|155|381 4128610
102|155|361|381 4245510
320|155|381|365 4107910
356|155|361|329 4113010
239|320|155|329 4177010
85|155|361|329 4220710
50|155|381|329 4126010
217|320|361|381 4117710
284|361|381|329 4143910
320|333|361|381 4115310
320|155|150|381 4118310
299|155|381|329 4129610
356|155|361|381 4113810
320|155|13|361 4119910
310|320|381|329 4134210
220|155|361|329 4178510
320|333|155|361 4126710
50|320|155|381 4141210
320|41|381|329 4104310
320|238|155|381 4122810
144|155|381|329 4219410
216|320|361|329 4133910
155|361|329|117 395310
203|361|381|329 4116110
320|155|329|117 4107710
217|361|381|329 4102510
320|381|329|113 397210
239|320|155|381 4177810
331|155|381|329 4114510
217|320|381|329 4114910
102|155|381|329 4242710
105|320|155|361|381 4303910
320|155|361|341|381 4133810
172|155|361|381|329 4204910
176|320|155|381|329 4309810
331|320|155|381|329 4150110
156|320|155|361|381 4148410
320|155|361|329|351 4130410
320|155|371|381|329 4134810
320|361|381|329|365 4118910
320|155|361|381|380 4131910
220|320|155|361|329 4214110
176|320|155|361|329 4311810
320|155|381|329|259 4127210
331|320|155|361|329 4152110
346|155|361|381|329 4136610
320|155|361|329|369 4131410
320|225|361|381|329 4130910
320|155|371|361|329 4136810
176|320|155|361|381 4312610
320|155|177|381|329 4139710
320|155|361|381|351 4131210
331|320|155|361|381 4152910
320|238|361|381|329 4133810
320|155|361|329|117 4130910
231|320|155|361|381 4178810
274|155|361|381|329 4136610
320|155|371|361|381 4137610
320|155|361|381|369 4132210
239|320|155|381|329 4198210
212|320|155|361|329 4221610
59|320|155|361|329 4238210
119|320|155|361|329 4178110
320|155|267|381|329 4131910
243|320|361|381|329 4141810
320|155|361|381|117 4131710
71|155|361|381|329 4139410
119|320|155|361|381 4178910
212|320|155|361|381 4222410
155|361|381|329|351 4116010
59|320|155|361|381 4239010
183|320|155|361|329 4183210
230|320|155|381|329 4159010
88|320|361|381|329 4145910
59|320|155|381|329 4236210
119|320|361|381|329 4166710
212|320|155|381|329 4219610
119|320|155|381|329 4176110
254|320|361|381|329 4148210
50|320|155|361|329 4163610
320|155|361|381|392 4132510
194|320|155|361|381 4149510
230|320|155|361|381 4161810
155|13|361|381|329 4125910
320|155|381|329|110 4128310
230|320|155|361|329 4161010
50|320|155|361|381 4164410
320|248|361|381|329 4124010
118|155|361|381|329 4254410
155|160|361|381|329 4120710
222|155|361|381|329 4133810
194|320|155|381|329 4146710
152|320|361|381|329 4149410
320|155|381|329|369 4129410
223|320|155|361|381 4270210
56|320|361|381|329 4272810
155|289|361|381|329 4122610
238|155|361|381|329 4130810
50|320|155|381|329 4161610
346|320|361|381|329 4139610
320|361|381|329|369 4120010
194|320|155|361|329 4148710
155|371|361|381|329 4122410
59|320|361|381|329 4226810
320|155|341|381|329 4131010
223|320|155|381|329 4267410
320|155|381|329|392 4129710
284|155|361|381|329 4176510
214|320|361|381|329 4184510
212|155|361|381|329 4207210
293|320|155|361|329 4249010
320|155|257|361|329 4140110
71|320|155|381|329 4151810
320|155|282|381|329 4131510
223|320|155|361|329 4269410
169|155|361|381|329 4276910
155|361|381|329|365 4115910
190|320|155|381|329 4166410
292|155|361|381|329 4166610
155|165|361|381|329 4128610
3|320|155|361|329 4284110
29|320|155|361|381 4176710
71|320|155|361|329 4153810
232|155|361|381|329 4162110
320|155|381|329|365 4128310
198|320|155|381|329 4277510
320|224|361|381|329 4129110
331|155|361|381|329 4137710
222|320|155|361|381 4149010
320|361|282|381|329 4122110
71|320|155|361|381 4154610
247|320|155|361|329 4150910
320|155|318|361|381 4145010
194|320|361|381|329 4137310
102|155|361|381|329 4265910
155|158|361|381|329 4127410
320|155|287|361|381 4140910
222|320|155|361|329 4148210
320|155|318|381|329 4142210
229|155|361|381|329 4167510
50|320|361|381|329 4152210
320|361|381|329|117 4119510
320|371|361|381|329 4125410
265|320|155|361|329 4161110
320|155|318|361|329 4144210
310|155|361|381|329 4154410
222|320|155|381|329 4146210
320|13|361|381|329 4128910
320|281|361|381|329 4132710
265|320|155|361|381 4161910
320|155|148|381|329 4139210
155|312|361|381|329 4128510
155|281|361|381|329 4129710
313|320|155|361|381 4166610
44|320|155|361|381 4166410
155|361|381|329|113 4117410
222|320|361|381|329 4136810
265|320|155|381|329 4159110
320|165|361|381|329 4131610
320|361|336|381|329 4121610
320|318|361|381|329 4132810
230|320|361|381|329 4149610
357|155|361|381|329 4130310
320|155|381|329|113 4129810
155|361|267|381|329 4119510
346|320|155|361|329 4151010
107|320|361|381|329 4271910
320|23|361|381|329 4126110
155|1|361|381|329 4129010
346|320|155|361|381 4151810
189|320|155|381|329 4183810
320|155|361|282|381 4134310
320|41|361|381|329 4127510
52|155|361|381|329 4160310
155|361|381|329|392 4117310
269|320|155|361|381 4159610
320|361|381|329|380 4119710
346|320|155|381|329 4149010
155|361|341|381|329 4118610
88|320|155|381|329 4155310
35|320|155|361|329 4160010
242|155|361|381|329 4152610
155|225|361|381|329 4127910
144|320|155|381|329 4255010
35|320|155|381|329 4158010
35|155|361|381|329 4145610
320|333|155|381|329 4145110
88|320|155|361|329 4157310
356|320|361|381|329 4137210
155|361|381|329|380 4116710
320|361|381|329|110 4118910
176|155|361|381|329 4297410
320|333|155|361|329 4147110
35|320|155|361|381 4160810
88|320|155|361|381 4158110
155|361|381|329|110 4115910
155|283|361|381|329 4122110
156|155|361|381|329 4133210
320|333|155|361|381 4147910
179|155|361|381|329 4134310
152|155|361|381|329 4146410
56|320|155|361|381 4285010
320|155|160|361|329 4135110
320|155|13|381|329 4138310
223|320|361|381|329 4258010
320|155|171|361|329 4140110
56|320|155|381|329 4282210
320|155|160|361|381 4135910
162|155|361|381|329 4212110
320|155|13|361|329 4140310
199|155|361|381|329 4188610
212|320|361|381|329 4210210
320|155|160|381|329 4133110
56|155|361|381|329 4269810
56|320|155|361|329 4284210
152|320|155|361|381 4161610
320|361|381|329|392 4120310
320|155|13|361|381 4141110
237|320|155|361|381 4177510
35|320|361|381|329 4148610
207|155|361|381|329 4141310
155|361|381|329|369 4117010
320|155|381|329|117 4128910
356|155|361|381|329 4134210
152|320|155|381|329 4158810
320|361|381|329|113 4120410
97|155|361|381|329 4394010
303|320|155|361|381 4213610
333|155|361|381|329 4132710
290|320|155|381|329 4210910
71|320|361|381|329 4142410
331|320|361|381|329 4140710
102|320|155|361|381 4281110
152|320|155|361|329 4160810
320|155|224|381|329 4138510
86|320|361|381|329 4188710
179|320|361|381|329 4137310
102|320|155|381|329 4278310
133|320|155|381|329 4150710
254|320|155|381|329 4157610
265|155|361|381|329 4146710
320|155|224|361|329 4140510
193|155|361|381|329 4189910
208|320|155|361|329 4172010
310|320|155|381|329 4166810
102|320|155|361|329 4280310
320|155|361|381|113 4132610
320|155|150|361|381 4141510
254|320|155|361|329 4159610
126|155|361|381|329 4138010
310|320|155|361|329 4168810
299|155|361|381|329 4152810
155|361|282|381|329 4119110
162|320|361|381|329 4215110
254|320|155|361|381 4160410
320|155|224|361|381 4141310
155|318|361|381|329 4129810
310|320|155|361|381 4169610
114|320|155|361|381 4149510
217|320|361|381|329 4138110
235|320|155|381|329 4268110
254|155|361|381|329 4145210
233|155|361|381|329 4132710
103|320|155|381|329 4169610
114|320|155|361|329 4148710
147|320|361|381|329 4267010
162|320|155|381|329 4224510
114|155|361|381|329 4134310
194|155|361|381|329 4134310
320|155|381|329|380 4129110
216|320|155|361|329 4166510
179|320|155|361|381 4149510
320|155|361|329|392 4131710
162|320|155|361|329 4226510
178|320|361|381|329 4196110
114|320|155|381|329 4146710
230|155|361|381|329 4146610
179|320|155|361|329 4148710
155|224|361|381|329 4126110
320|155|361|282|329 4133510
162|320|155|361|381 4227310
320|238|155|361|329 4145210
59|155|361|381|329 4223810
179|320|155|381|329 4146710
156|320|361|381|329 4136210
320|155|361|329|113 4131810
102|320|361|381|329 4268910
320|238|155|381|329 4143210
356|320|155|361|329 4148610
114|320|361|381|329 4137310
50|155|361|381|329 4149210
320|155|361|381|329 4133010
320|238|155|361|381 4146010
320|333|361|381|329 4135710
320|155|225|361|329 4142310
320|361|381|329|351 4119010
202|320|361|381|329 4203310
223|155|361|381|329 4255010
356|320|155|361|381 4149410
320|155|225|361|381 4143110
119|155|361|381|329 4163710
320|155|361|267|329 4133910
320|361|341|381|329 4121610
356|320|155|381|329 4146610
310|320|361|381|329 4157410
320|155|165|361|329 4143010
320|155|361|329|110 4130310
320|155|381|329|351 4128410
265|320|361|381|329 4149710
320|155|361|205|381 4135410
320|155|225|381|329 4140310
320|155|281|361|329 4144110
320|155|165|361|381 4143810
176|320|361|381|329 4300410
320|155|361|329|365 4130310
88|155|361|381|329 4142910
320|155|361|267|381 4134710
155|361|381|329|117 4116510
320|155|165|381|329 4141010
203|155|361|381|329 4148710
320|155|361|341|329 4133010
320|155|281|361|381 4144910
156|320|155|381|329 4145610
320|155|361|381|110 4131110
320|155|281|381|329 4142110
320|361|267|381|329 4122510
320|160|361|381|329 4123710
320|155|361|329|380 4131110
156|320|155|361|329 4147610
320|155|361|381|365 4131110
320|155|165|361|381|329 4164210
320|155|361|381|329|110 4151510
356|320|155|361|381|329 4169810
71|320|155|361|381|329 4175010
320|155|361|381|329|365 4151510
152|320|155|361|381|329 4182010
320|155|160|361|381|329 4156310
331|320|155|361|381|329 4173310
35|320|155|361|381|329 4181210
114|320|155|361|381|329 4169910
320|155|371|361|381|329 4158010
222|320|155|361|381|329 4169410
346|320|155|361|381|329 4172210
320|155|318|361|381|329 4165410
320|155|225|361|381|329 4163510
88|320|155|361|381|329 4178510
254|320|155|361|381|329 4180810
320|155|13|361|381|329 4161510
50|320|155|361|381|329 4184810
320|238|155|361|381|329 4166410
320|155|224|361|381|329 4161710
156|320|155|361|381|329 4168810
310|320|155|361|381|329 4190010
223|320|155|361|381|329 4290610
265|320|155|361|381|329 4182310
320|155|361|381|329|380 4152310
320|155|281|361|381|329 4165310
102|320|155|361|381|329 4301510
320|155|361|282|381|329 4154710
320|155|361|267|381|329 4155110
320|333|155|361|381|329 4168310
179|320|155|361|381|329 4169910
176|320|155|361|381|329 4333010
194|320|155|361|381|329 4169910
162|320|155|361|381|329 4247710
119|320|155|361|381|329 4199310
230|320|155|361|381|329 4182210
320|155|361|381|329|351 4151610
212|320|155|361|381|329 4242810
59|320|155|361|381|329 4259410
320|155|361|381|329|369 4152610
320|155|361|381|329|117 4152110
56|320|155|361|381|329 4305410
320|155|361|341|381|329 4154210
320|155|361|381|329|392 4152910
320|155|361|381|329|113 4153010
