22 14799
15 14174
77 13965
39 13814
51 12443
26 12304
43 11323
138 10782
75 10300
94 9855
42 9769
60 9206
46 8535
53 8448
18 8440
81 8436
82 8356
21 7639
33 7565
19 7437
106 6604
84 6419
54 6365
90 6320
61 6133
159 6014
68 5964
101 5683
25 5345
69 5115
48 5074
92 5018
49 4843
109 4771
27 4636
58 4561
67 4506
66 4430
79 4331
108 4245
24 4226
31 4179
32 4111
134 4036
55 4011
80 3927
139 3838
63 3776
16 3746
141 3737
37 3697
72 3682
140 3606
45 3582
96 3468
93 3446
128 3433
196 3298
104 3201
123 3199
97 2966
78 2947
131 2819
142 2803
145 2798
154 2725
124 2633
151 2541
76 2495
65 2486
192 2468
12 2414
127 2396
191 2372
20 2362
95 2351
83 2264
64 2250
47 2245
132 2215
122 2185
166 2098
100 2019
99 2001
176 2000
187 1973
5 1944
116 1917
105 1913
129 1889
149 1834
163 1834
169 1795
56 1724
3 1723
107 1715
102 1685
98 1684
198 1677
147 1666
137 1649
170 1603
235 1583
223 1576
118 1570
112 1544
130 1511
135 1506
272 1506
219 1498
255 1486
111 1484
144 1452
40 1445
85 1445
201 1437
173 1392
293 1372
10 1319
184 1290
153 1285
59 1264
168 1216
211 1191
162 1147
121 1123
212 1098
172 1075
161 1041
202 1029
220 1023
290 1011
303 1010
204 987
273 976
226 972
228 965
178 957
297 952
193 925
164 916
174 914
199 912
6 909
195 904
239 884
89 884
86 883
197 844
214 841
136 835
245 805
300 795
284 791
244 766
17 754
120 743
189 740
167 739
227 733
143 718
183 714
62 712
70 705
229 701
249 699
292 692
119 663
231 662
215 654
237 649
232 647
29 641
52 629
182 616
251 616
208 602
103 598
185 586
310 570
190 566
299 554
242 552
216 547
91 547
313 540
44 538
157 534
50 518
203 513
234 503
260 500
265 493
230 492
152 490
35 482
254 478
181 472
269 470
87 464
268 457
88 455
207 439
252 437
263 425
71 420
243 414
133 409
126 406
331 403
285 393
274 392
346 392
247 391
217 377
114 369
179 369
194 369
356 368
218 365
222 364
156 358
320 356
233 353
333 353
298 341
238 334
357 329
155 326
318 324
281 323
288 319
1 316
165 312
312 311
225 305
158 300
177 299
186 299
148 294
150 289
224 287
13 285
171 283
257 283
287 283
41 271
23 257
289 252
371 250
283 247
248 236
209 234
160 233
361 232
205 228
267 221
282 217
327 212
336 212
341 212
381 212
329 204
113 200
392 199
369 196
380 193
117 191
319 188
351 186
110 185
365 185
259 174
266 173
370 170
306 168
256 167
308 167
393 165
411 165
206 164
250 161
383 160
340 158
339 157
316 156
325 155
395 148
397 147
73 147
275 138
409 137
146 136
359 136
188 132
304 128
414 124
213 120
261 120
278 120
348 119
317 114
429 114
180 113
360 112
366 110
398 110
413 109
415 109
391 104
465 103
372 102
311 99
321 98
428 97
262 95
253 93
362 93
337 88
175 85
349 85
347 84
307 82
387 82
240 80
322 80
419 77
200 76
276 76
355 75
236 74
424 74
450 74
335 71
210 69
367 68
436 68
404 67
309 63
376 63
390 62
302 61
246 60
394 59
314 56
332 55
323 54
271 49
402 49
403 49
338 48
445 48
460 48
279 47
353 47
324 46
417 46
258 45
378 45
358 44
368 44
422 44
483 44
388 43
410 43
427 43
286 42
295 42
343 42
264 41
384 41
115 40
435 40
374 39
396 39
426 39
375 37
379 37
305 36
354 36
434 36
458 35
277 34
296 33
447 33
270 32
389 32
400 32
421 32
459 31
221 30
441 30
315 29
326 29
345 29
431 29
456 29
294 28
488 28
472 27
301 26
489 26
364 25
406 25
423 25
486 24
405 23
500 23
352 22
446 22
470 22
474 22
496 22
511 22
342 21
382 21
385 20
452 19
473 19
454 18
503 18
537 18
350 17
408 17
444 17
425 16
437 16
461 16
462 16
468 16
482 16
504 16
521 16
526 16
57 16
457 15
330 14
373 14
377 14
401 14
438 14
481 14
497 14
515 14
541 14
344 13
386 13
432 13
480 13
490 13
499 13
449 12
399 11
430 11
448 11
502 11
328 10
455 10
463 10
479 10
535 10
416 9
453 9
471 9
492 9
501 9
280 8
420 8
469 8
477 8
485 8
495 8
506 8
516 8
532 8
291 7
334 7
442 7
476 7
478 7
563 7
125 6
241 6
440 6
498 5
505 5
507 5
508 5
514 5
519 5
522 5
527 5
531 5
534 5
548 5
451 4
466 4
493 4
510 4
518 4
525 4
539 4
540 4
542 4
543 4
549 4
550 4
554 4
412 3
484 3
517 3
524 3
530 3
552 3
556 3
561 3
567 3
572 3
575 3
418 2
467 2
475 2
509 2
512 2
529 2
545 2
547 2
558 2
560 2
562 2
566 2
568 2
576 2
577 2
363 1
407 1
439 1
464 1
491 1
494 1
513 1
520 1
523 1
528 1
533 1
536 1
538 1
544 1
546 1
551 1
553 1
555 1
564 1
571 1
573 1
578 1
583 1
584 1
585 1
586 1
587 1
7 1
