350 413 3873739
400 452 3449952
450 527 2746488
500 481 1631658
550 534 0
550 495 1374
550 1961 66946
650 1961 60323
650 2016 62242
650 2024 39055
200 1740 3801946
250 1770 3377490
300 1810 2683597
350 1800 1783996
400 1894 1471887
450 1984 36842
500 1899 32994
550 2009 28244
600 1975 33351
650 1964 34353
50 677 4788795
50 568 1221491
100 1047 4482556
100 843 746421
150 1254 4117249
150 1122 127630
200 1678 3822432
200 1181 28273
250 1669 3352973
250 1173 18541
300 1875 2742246
300 1235 20417
350 1896 2286348
350 1210 21792
400 1979 1291781
400 1216 19313
450 1915 48038
450 1233 22760
500 1970 30740
500 1194 25455
550 1958 35656
550 1200 22188
600 2017 33135
600 1203 22510
650 1956 36059
650 1196 23864
50 61 1876386
50 654 4754665
50 478 1176326
100 1000 4444294
100 859 727458
150 1329 4070695
150 1023 174500
200 1647 3854239
200 1203 22451
250 1817 3422646
250 1191 17020
300 1846 3011538
300 1188 23015
350 1900 2405096
350 1166 26853
400 1964 581386
400 1197 23268
450 1936 55227
450 1213 22904
500 1953 29568
500 1195 20382
50 465 4770961
50 507 1204643
100 1144 4533861
100 975 936011
150 1329 4171897
150 1130 98103
200 1587 3759694
200 1139 31126
250 1685 3447386
250 1199 23200
300 1759 2917978
300 1141 29196
350 1836 2196046
350 1212 24893
400 1880 387653
400 1201 21187
450 1920 44836
450 1224 17646
500 1968 34587
500 1217 21172
50 598 4774760 301882
50 673 4789545 287090
