350 4462 964687
400 6987 556204
450 7807 65211
500 6942 0
550 8988 0
550 9072 0
550 12431 0
550 54264 1184
650 39610 0
650 43773 0
650 21686 1016
650 59141 0
200 25749 0
200 37068 1552104
250 19279 1160
250 48551 992413
300 20316 0
300 71735 8229
350 16998 5150
350 56785 0
400 18197 0
400 66000 0
450 22446 2477
450 66118 5739
500 25529 1094
500 64569 0
550 21173 0
550 54986 0
600 17901 6468
600 56308 0
650 18043 807
650 58671 6256
50 8260 717478
50 7713 4407780
100 14543 97839
100 17533 3301794
150 19885 0
150 32084 2491021
200 19574 3188
200 33358 1979339
250 28185 795
250 55406 708494
300 19901 0
300 75456 0
350 19304 1239
350 58723 0
400 20392 0
400 74312 0
450 23222 6526
450 76126 0
500 21642 0
500 56198 0
550 24935 5090
550 69863 2383
600 23207 0
600 54502 5119
650 21637 3509
650 58745 0
650 27954 6204
650 70682 3140
650 19301 938
650 68200 0
650 21673 5584
650 56665 2337
650 30375 38
650 78762 126
50 10507 1022355
50 14365 4443901
100 24500 339695
100 21798 3407330
150 28427 0
150 40482 2336090
200 27640 2240
200 38163 1641353
250 21284 1195
250 51538 842195
300 21111 3196
300 59101 211183
350 29310 1383
350 69865 2896
400 29052 6635
400 65553 7096
450 29904 7422
450 64355 7197
500 22941 7330
500 57464 0
50 10348 890394
50 9276 4494997
100 17871 582494
100 19562 3227176
150 26937 5
150 32579 2628181
200 23795 1084
200 44582 2077666
250 24685 1802
250 53974 899950
300 30493 663
300 68548 64896
350 24616 1287
350 76574 529
400 25637 5436
400 62240 307
450 34460 2195
450 65408 3302
500 24543 6535
500 68559 5216
