x y1 y2 y3 y4
50  0.0029116117851  0.00272097053726  0.0592547660312  0.047759965338
100  0.00429376083189  0.00399046793761  0.0927339688042  0.0705199306759
150  0.00631282495667  0.00472270363951  0.129688041594  0.120350953206
200  0.00711005199307  0.00491334488735  0.138210571924  0.216559792028
250  0.00685008665511  0.00488301559792  0.118604852686  0.278106585789
300  0.00797227036395  0.00511265164645  0.112153379549  0.28801559792
350  0.00837521663778  0.00511265164645  0.107989601386  0.30976169844
400  0.00793760831889  0.00543760831889  0.106052859619  0.29304592721
450  0.00839254766031  0.00523830155979  0.122837954939  0.327551993068
500  0.00847487001733  0.00520363951473  0.120324956672  0.327608318891
