368 7828
529 7057
829 6810
766 6265
722 5845
354 5835
684 5408
217 5375
494 5102
419 5057
692 4993
120 4973
883 4902
937 4681
177 4629
145 4559
438 4511
460 4438
362 4388
789 4309
39 4258
32 4248
470 4137
682 4132
283 4082
914 4037
538 3982
966 3921
183 3883
720 3864
775 3771
541 3735
919 3710
947 3690
888 3686
401 3667
862 3649
956 3626
205 3605
71 3507
346 3470
489 3420
12 3415
895 3385
795 3361
510 3281
598 3219
75 3151
487 3135
614 3134
798 3103
8 3090
825 3085
350 3069
793 3063
886 3053
509 3044
885 3043
279 3014
918 3012
675 2976
381 2959
581 2943
571 2902
471 2894
597 2883
758 2860
72 2852
694 2847
854 2847
548 2843
569 2835
844 2814
871 2810
944 2794
526 2793
631 2793
175 2791
561 2783
93 2777
782 2767
57 2743
239 2742
960 2732
522 2725
676 2717
998 2713
661 2693
140 2687
390 2685
797 2684
112 2680
606 2668
21 2666
132 2641
413 2637
653 2634
274 2628
236 2618
617 2614
151 2611
593 2601
285 2600
54 2595
752 2578
674 2527
778 2514
634 2492
276 2479
48 2472
78 2471
477 2462
921 2425
392 2420
70 2411
38 2402
788 2386
69 2370
663 2354
242 2325
161 2320
480 2309
780 2306
638 2288
229 2281
523 2244
803 2237
874 2237
296 2210
116 2193
73 2179
744 2177
204 2174
27 2165
579 2164
809 2163
6 2149
334 2146
738 2129
472 2125
280 2108
620 2100
196 2096
387 2089
970 2086
450 2082
832 2062
411 2047
878 2047
774 2046
349 2041
826 2022
210 2009
373 2007
192 2004
35 1984
52 1983
746 1982
55 1959
893 1947
440 1943
913 1939
897 1935
841 1927
706 1923
800 1916
214 1893
449 1890
658 1881
90 1875
763 1862
332 1861
427 1856
623 1845
227 1818
853 1804
110 1801
704 1794
290 1793
805 1789
932 1786
115 1775
975 1764
687 1762
984 1756
923 1753
100 1749
935 1742
45 1728
403 1722
43 1721
130 1711
765 1705
577 1695
910 1695
967 1695
275 1692
735 1689
17 1683
385 1676
814 1672
887 1671
580 1667
31 1666
605 1652
884 1645
351 1641
982 1640
673 1635
740 1632
769 1622
51 1612
68 1601
343 1599
572 1589
857 1588
521 1582
952 1574
639 1572
85 1555
129 1547
486 1547
516 1544
981 1542
168 1538
1 1535
534 1531
867 1530
185 1529
405 1525
630 1523
259 1522
995 1521
812 1518
964 1518
594 1516
469 1502
461 1498
686 1495
641 1494
326 1488
208 1483
846 1480
820 1473
736 1470
97 1466
950 1463
198 1461
33 1460
28 1454
162 1450
424 1448
154 1447
294 1445
500 1444
611 1444
906 1444
890 1437
496 1428
143 1417
234 1416
949 1414
423 1412
308 1402
240 1399
25 1395
4 1394
310 1390
583 1389
147 1383
834 1373
319 1371
448 1370
265 1359
815 1358
707 1354
41 1353
10 1351
946 1350
335 1345
576 1337
618 1337
58 1330
749 1330
678 1329
963 1327
804 1315
792 1306
574 1297
665 1297
504 1296
540 1293
649 1292
578 1290
989 1289
651 1288
125 1287
513 1287
701 1283
991 1268
810 1267
530 1263
309 1262
784 1257
819 1257
163 1256
422 1255
860 1255
899 1252
37 1249
859 1242
591 1241
718 1238
181 1235
197 1230
573 1229
348 1226
843 1222
207 1214
170 1203
550 1203
517 1201
94 1201
716 1199
600 1192
527 1185
111 1171
515 1166
900 1165
988 1164
414 1160
104 1158
322 1154
377 1149
378 1149
948 1149
394 1145
357 1142
733 1141
978 1141
157 1140
688 1132
941 1126
458 1124
992 1116
554 1114
361 1104
567 1102
628 1102
105 1100
171 1097
5 1094
790 1094
708 1090
468 1089
122 1081
173 1080
126 1075
336 1071
632 1070
490 1066
563 1065
546 1050
710 1044
429 1037
258 1036
928 1034
366 1031
823 1031
201 1029
266 1022
325 1022
428 1021
511 1015
912 1009
608 999
7 997
395 990
922 990
160 987
432 985
277 982
96 975
417 971
484 971
329 964
355 958
558 957
568 956
742 953
838 953
507 950
785 947
108 940
855 939
388 938
640 932
193 925
224 919
118 916
624 915
745 909
44 903
352 902
980 899
629 893
481 888
66 888
705 888
268 885
347 885
158 884
415 877
626 874
858 866
879 865
447 863
203 861
585 856
839 854
831 852
969 849
464 848
314 846
712 845
830 841
95 841
659 835
801 835
642 830
723 829
622 826
80 826
943 821
689 817
114 816
474 815
590 814
18 813
318 812
304 805
456 804
345 801
732 799
595 797
762 792
505 791
759 788
256 785
406 785
241 784
215 781
252 781
633 780
212 778
298 778
690 778
544 773
533 772
938 766
187 759
518 759
842 752
164 744
499 743
672 743
467 742
835 732
117 731
220 717
713 716
711 714
295 712
903 711
136 707
307 702
760 698
155 697
339 695
321 676
82 674
2 673
709 672
926 672
139 671
383 668
492 665
172 663
328 663
475 663
719 663
327 662
262 660
272 659
226 658
278 657
421 656
178 654
263 654
648 653
925 652
409 651
188 650
565 640
905 640
407 634
833 629
167 625
794 624
837 619
249 615
512 611
660 610
525 609
408 607
730 602
0 594
369 592
436 589
557 587
911 586
845 585
493 583
176 582
300 582
645 581
430 580
174 579
316 578
753 578
851 577
528 576
156 572
616 568
364 567
824 565
731 560
647 551
703 546
46 543
159 542
828 542
320 540
852 538
940 536
945 536
53 535
315 533
190 531
3 531
36 528
26 527
11 525
128 525
216 525
909 525
953 525
933 523
213 522
299 522
478 522
194 517
412 517
973 512
868 510
934 510
657 506
144 505
771 505
876 496
896 495
127 492
374 490
98 486
333 483
920 480
397 479
400 478
961 474
520 472
783 468
655 467
459 465
610 464
777 464
602 463
562 462
141 460
849 459
15 458
603 458
40 457
142 454
455 453
983 453
485 452
604 448
531 447
750 446
840 446
231 442
396 442
514 442
721 442
483 439
281 437
311 437
942 436
453 433
671 433
524 427
958 426
972 426
764 425
180 424
342 424
813 422
691 421
781 419
209 418
375 417
270 416
150 410
677 407
894 407
384 406
371 405
443 405
398 403
904 400
22 397
751 397
612 396
865 396
113 394
695 394
685 392
755 392
379 390
588 389
693 387
370 386
553 383
560 382
715 381
539 376
613 373
536 372
225 371
697 370
954 366
358 365
666 363
261 362
376 362
817 360
811 358
435 357
822 356
652 354
699 353
186 348
714 347
882 347
166 346
289 346
681 344
939 342
936 337
537 331
101 329
103 327
131 327
442 326
498 325
901 324
818 323
64 319
889 318
898 318
930 318
218 317
67 316
437 314
696 313
59 312
301 309
806 308
916 306
807 305
88 303
402 302
482 299
601 299
264 297
864 295
124 294
535 294
627 292
230 288
165 286
182 284
881 283
650 281
779 280
799 274
206 272
997 272
331 270
81 270
977 270
596 269
317 266
866 266
444 260
138 257
303 257
679 248
306 247
757 245
670 243
915 241
556 240
575 240
592 239
179 237
680 236
698 236
338 234
86 229
439 225
313 224
267 223
902 222
892 220
734 217
589 214
466 212
89 211
305 210
452 205
286 199
14 197
644 197
743 194
999 193
773 192
24 191
802 188
255 185
609 184
246 183
247 181
83 181
821 179
847 179
47 175
324 173
372 172
29 171
931 170
367 158
927 156
462 155
656 154
891 151
16 150
269 145
49 137
702 137
635 136
476 133
257 132
979 132
985 132
827 130
23 128
222 126
872 122
19 121
42 119
545 119
228 118
501 118
91 116
391 114
56 114
662 114
146 113
191 111
426 111
62 110
102 109
199 109
856 109
330 102
729 102
153 99
237 98
273 98
741 98
244 96
356 96
441 96
508 95
254 94
869 92
787 90
724 86
683 85
135 82
399 82
880 81
503 80
248 79
776 78
491 77
990 77
451 76
965 75
917 72
292 71
152 67
551 67
495 64
951 64
643 63
293 61
552 61
582 61
74 58
202 56
34 56
382 55
418 55
739 55
287 54
532 54
986 54
137 48
363 47
767 47
637 45
20 40
189 39
13 35
169 35
465 35
479 34
473 33
994 33
726 32
959 32
123 28
297 28
431 27
454 22
870 22
877 22
121 17
725 17
282 16
360 15
502 13
768 12
850 12
564 11
245 6
619 6
615 1